x	RungeKutta4	SoluciónExacta	Error
1	0.315	0.316228	0.00122777
1.01	0.314684	0.31591	0.00122653
1.02	0.314366	0.315591	0.00122529
1.03	0.314045	0.315269	0.00122404
1.04	0.313723	0.314945	0.00122279
1.05	0.313398	0.314619	0.00122152
1.06	0.313071	0.314291	0.00122025
1.07	0.312742	0.313961	0.00121897
1.08	0.312411	0.313629	0.00121768
1.09	0.312079	0.313295	0.00121638
1.1	0.311744	0.312959	0.00121507
1.11	0.311407	0.312621	0.00121376
1.12	0.311068	0.312281	0.00121244
1.13	0.310727	0.311938	0.00121111
1.14	0.310385	0.311595	0.00120978
1.15	0.31004	0.311249	0.00120843
1.16	0.309694	0.310901	0.00120708
1.17	0.309346	0.310552	0.00120573
1.18	0.308996	0.3102	0.00120436
1.19	0.308644	0.309847	0.00120299
1.2	0.308291	0.309492	0.00120162
1.21	0.307935	0.309136	0.00120023
1.22	0.307578	0.308777	0.00119884
1.23	0.30722	0.308417	0.00119744
1.24	0.30686	0.308056	0.00119604
1.25	0.306498	0.307692	0.00119463
1.26	0.306134	0.307327	0.00119321
1.27	0.305769	0.306961	0.00119179
1.28	0.305402	0.306593	0.00119036
1.29	0.305034	0.306223	0.00118892
1.3	0.304664	0.305852	0.00118748
1.31	0.304293	0.305479	0.00118603
1.32	0.30392	0.305105	0.00118458
1.33	0.303546	0.304729	0.00118312
1.34	0.303171	0.304352	0.00118166
1.35	0.302794	0.303974	0.00118019
1.36	0.302415	0.303594	0.00117871
1.37	0.302035	0.303213	0.00117723
1.38	0.301654	0.30283	0.00117575
1.39	0.301272	0.302446	0.00117426
1.4	0.300888	0.302061	0.00117276
1.41	0.300503	0.301675	0.00117126
1.42	0.300117	0.301287	0.00116976
1.43	0.29973	0.300898	0.00116825
1.44	0.299341	0.300508	0.00116673
1.45	0.298951	0.300116	0.00116521
1.46	0.29856	0.299724	0.00116369
1.47	0.298168	0.29933	0.00116216
1.48	0.297775	0.298935	0.00116063
1.49	0.29738	0.298539	0.00115909
1.5	0.296985	0.298142	0.00115755
1.51	0.296588	0.297744	0.001156
1.52	0.296191	0.297345	0.00115445
1.53	0.295792	0.296945	0.0011529
1.54	0.295393	0.296544	0.00115134
1.55	0.294992	0.296142	0.00114978
1.56	0.294591	0.295739	0.00114822
1.57	0.294188	0.295335	0.00114665
1.58	0.293785	0.29493	0.00114508
1.59	0.293381	0.294524	0.0011435
1.6	0.292976	0.294118	0.00114192
1.61	0.29257	0.29371	0.00114034
1.62	0.292163	0.293302	0.00113876
1.63	0.291755	0.292893	0.00113717
1.64	0.291347	0.292483	0.00113557
1.65	0.290938	0.292072	0.00113398
1.66	0.290528	0.29166	0.00113238
1.67	0.290117	0.291248	0.00113078
1.68	0.289706	0.290835	0.00112918
1.69	0.289294	0.290422	0.00112757
1.7	0.288881	0.290007	0.00112596
1.71	0.288468	0.289592	0.00112435
1.72	0.288054	0.289177	0.00112274
1.73	0.287639	0.288761	0.00112112
1.74	0.287224	0.288344	0.00111951
1.75	0.286808	0.287926	0.00111788
1.76	0.286392	0.287508	0.00111626
1.77	0.285975	0.28709	0.00111464
1.78	0.285558	0.286671	0.00111301
1.79	0.28514	0.286251	0.00111138
1.8	0.284721	0.285831	0.00110975
1.81	0.284302	0.28541	0.00110812
1.82	0.283883	0.284989	0.00110648
1.83	0.283463	0.284568	0.00110485
1.84	0.283043	0.284146	0.00110321
1.85	0.282622	0.283724	0.00110157
1.86	0.282201	0.283301	0.00109993
1.87	0.28178	0.282878	0.00109828
1.88	0.281358	0.282454	0.00109664
1.89	0.280936	0.282031	0.00109499
1.9	0.280513	0.281606	0.00109335
1.91	0.28009	0.281182	0.0010917
1.92	0.279667	0.280757	0.00109005
1.93	0.279244	0.280332	0.0010884
1.94	0.27882	0.279907	0.00108675
1.95	0.278396	0.279481	0.0010851
1.96	0.277972	0.279055	0.00108344
1.97	0.277548	0.278629	0.00108179
1.98	0.277123	0.278203	0.00108013
1.99	0.276698	0.277777	0.00107848
2	0.276273	0.27735	0.00107682
2.01	0.275848	0.276923	0.00107517
2.02	0.275423	0.276496	0.00107351
2.03	0.274997	0.276069	0.00107185
2.04	0.274572	0.275642	0.00107019
2.05	0.274146	0.275215	0.00106853
2.06	0.273721	0.274787	0.00106687
2.07	0.273295	0.27436	0.00106521
2.08	0.272869	0.273933	0.00106355
2.09	0.272443	0.273505	0.00106189
2.1	0.272017	0.273077	0.00106023
2.11	0.271591	0.27265	0.00105857
2.12	0.271165	0.272222	0.00105691
2.13	0.270739	0.271794	0.00105525
2.14	0.270313	0.271367	0.00105359
2.15	0.269887	0.270939	0.00105193
2.16	0.269461	0.270511	0.00105027
2.17	0.269035	0.270084	0.00104861
2.18	0.268609	0.269656	0.00104695
2.19	0.268184	0.269229	0.00104529
2.2	0.267758	0.268802	0.00104363
2.21	0.267332	0.268374	0.00104197
2.22	0.266907	0.267947	0.00104032
2.23	0.266482	0.26752	0.00103866
2.24	0.266056	0.267093	0.001037
2.25	0.265631	0.266667	0.00103534
2.26	0.265206	0.26624	0.00103369
2.27	0.264782	0.265814	0.00103203
2.28	0.264357	0.265387	0.00103038
2.29	0.263933	0.264961	0.00102872
2.3	0.263508	0.264535	0.00102707
2.31	0.263084	0.26411	0.00102542
2.32	0.262661	0.263684	0.00102376
2.33	0.262237	0.263259	0.00102211
2.34	0.261814	0.262834	0.00102046
2.35	0.261391	0.262409	0.00101881
2.36	0.260968	0.261985	0.00101717
2.37	0.260545	0.261561	0.00101552
2.38	0.260123	0.261137	0.00101387
2.39	0.259701	0.260713	0.00101223
2.4	0.259279	0.26029	0.00101058
2.41	0.258858	0.259867	0.00100894
2.42	0.258436	0.259444	0.0010073
2.43	0.258016	0.259021	0.00100566
2.44	0.257595	0.258599	0.00100402
2.45	0.257175	0.258177	0.00100238
2.46	0.256755	0.257756	0.00100075
2.47	0.256336	0.257335	0.000999112
2.48	0.255917	0.256914	0.000997479
2.49	0.255498	0.256494	0.000995846
2.5	0.25508	0.256074	0.000994216
2.51	0.254662	0.255654	0.000992587
2.52	0.254244	0.255235	0.000990959
2.53	0.253827	0.254816	0.000989333
2.54	0.25341	0.254398	0.000987709
2.55	0.252994	0.25398	0.000986086
2.56	0.252578	0.253562	0.000984465
2.57	0.252162	0.253145	0.000982845
2.58	0.251747	0.252728	0.000981227
2.59	0.251333	0.252312	0.000979611
2.6	0.250918	0.251896	0.000977997
2.61	0.250505	0.251481	0.000976384
2.62	0.250091	0.251066	0.000974774
2.63	0.249679	0.250652	0.000973165
2.64	0.249266	0.250238	0.000971558
2.65	0.248854	0.249824	0.000969953
2.66	0.248443	0.249411	0.000968349
2.67	0.248032	0.248999	0.000966748
2.68	0.247622	0.248587	0.000965149
2.69	0.247212	0.248176	0.000963551
2.7	0.246803	0.247765	0.000961956
2.71	0.246394	0.247354	0.000960362
2.72	0.245986	0.246944	0.000958771
2.73	0.245578	0.246535	0.000957182
2.74	0.245171	0.246126	0.000955594
2.75	0.244764	0.245718	0.000954009
2.76	0.244358	0.24531	0.000952426
2.77	0.243952	0.244903	0.000950846
2.78	0.243547	0.244497	0.000949267
2.79	0.243143	0.244091	0.000947691
2.8	0.242739	0.243685	0.000946116
2.81	0.242336	0.24328	0.000944544
2.82	0.241933	0.242876	0.000942975
2.83	0.241531	0.242472	0.000941407
2.84	0.241129	0.242069	0.000939842
2.85	0.240728	0.241666	0.000938279
2.86	0.240328	0.241265	0.000936718
2.87	0.239928	0.240863	0.00093516
2.88	0.239529	0.240462	0.000933604
2.89	0.23913	0.240062	0.000932051
2.9	0.238732	0.239663	0.0009305
2.91	0.238335	0.239264	0.000928951
2.92	0.237938	0.238866	0.000927405
2.93	0.237542	0.238468	0.000925861
2.94	0.237147	0.238071	0.000924319
2.95	0.236752	0.237675	0.00092278
2.96	0.236358	0.237279	0.000921244
2.97	0.235964	0.236884	0.00091971
2.98	0.235571	0.236489	0.000918178
2.99	0.235179	0.236095	0.000916649
3	0.234787	0.235702	0.000915123
3.01	0.234396	0.23531	0.000913599
3.02	0.234006	0.234918	0.000912077
3.03	0.233616	0.234527	0.000910559
3.04	0.233227	0.234136	0.000909042
3.05	0.232839	0.233746	0.000907529
3.06	0.232451	0.233357	0.000906018
3.07	0.232064	0.232969	0.000904509
3.08	0.231678	0.232581	0.000903004
3.09	0.231292	0.232194	0.0009015
3.1	0.230907	0.231807	0.0009
3.11	0.230523	0.231421	0.000898502
3.12	0.230139	0.231036	0.000897007
3.13	0.229756	0.230652	0.000895514
3.14	0.229374	0.230268	0.000894024
3.15	0.228993	0.229885	0.000892537
3.16	0.228612	0.229503	0.000891053
3.17	0.228232	0.229121	0.000889571
3.18	0.227852	0.22874	0.000888092
3.19	0.227473	0.22836	0.000886616
3.2	0.227095	0.22798	0.000885142
3.21	0.226718	0.227602	0.000883671
3.22	0.226341	0.227223	0.000882203
3.23	0.225965	0.226846	0.000880738
3.24	0.22559	0.226469	0.000879276
3.25	0.225216	0.226093	0.000877816
3.26	0.224842	0.225718	0.000876359
3.27	0.224469	0.225344	0.000874905
3.28	0.224096	0.22497	0.000873453
3.29	0.223725	0.224597	0.000872005
3.3	0.223354	0.224224	0.000870559
3.31	0.222983	0.223853	0.000869116
3.32	0.222614	0.223482	0.000867676
3.33	0.222245	0.223111	0.000866239
3.34	0.221877	0.222742	0.000864804
3.35	0.22151	0.222373	0.000863372
3.36	0.221143	0.222005	0.000861944
3.37	0.220777	0.221638	0.000860518
3.38	0.220412	0.221271	0.000859095
3.39	0.220048	0.220906	0.000857674
3.4	0.219684	0.220541	0.000856257
3.41	0.219321	0.220176	0.000854842
3.42	0.218959	0.219813	0.000853431
3.43	0.218598	0.21945	0.000852022
3.44	0.218237	0.219088	0.000850616
3.45	0.217877	0.218726	0.000849213
3.46	0.217518	0.218366	0.000847813
3.47	0.217159	0.218006	0.000846415
3.48	0.216802	0.217647	0.000845021
3.49	0.216444	0.217288	0.000843629
3.5	0.216088	0.21693	0.000842241
3.51	0.215733	0.216574	0.000840855
3.52	0.215378	0.216217	0.000839472
3.53	0.215024	0.215862	0.000838092
3.54	0.214671	0.215507	0.000836715
3.55	0.214318	0.215153	0.000835341
3.56	0.213966	0.2148	0.000833969
3.57	0.213615	0.214448	0.000832601
3.58	0.213265	0.214096	0.000831235
3.59	0.212915	0.213745	0.000829873
3.6	0.212566	0.213395	0.000828513
3.61	0.212218	0.213045	0.000827156
3.62	0.211871	0.212697	0.000825803
3.63	0.211524	0.212349	0.000824452
3.64	0.211178	0.212001	0.000823104
3.65	0.210833	0.211655	0.000821758
3.66	0.210489	0.211309	0.000820416
3.67	0.210145	0.210964	0.000819077
3.68	0.209802	0.21062	0.000817741
3.69	0.20946	0.210277	0.000816407
3.7	0.209119	0.209934	0.000815076
3.71	0.208778	0.209592	0.000813749
3.72	0.208438	0.209251	0.000812424
3.73	0.208099	0.20891	0.000811102
3.74	0.207761	0.208571	0.000809783
3.75	0.207423	0.208232	0.000808467
3.76	0.207086	0.207893	0.000807154
3.77	0.20675	0.207556	0.000805844
3.78	0.206415	0.207219	0.000804537
3.79	0.20608	0.206883	0.000803232
3.8	0.205746	0.206548	0.000801931
3.81	0.205413	0.206214	0.000800632
3.82	0.205081	0.20588	0.000799336
3.83	0.204749	0.205547	0.000798044
3.84	0.204418	0.205215	0.000796754
3.85	0.204088	0.204883	0.000795467
3.86	0.203758	0.204552	0.000794182
3.87	0.20343	0.204222	0.000792901
3.88	0.203102	0.203893	0.000791623
3.89	0.202774	0.203565	0.000790347
3.9	0.202448	0.203237	0.000789075
3.91	0.202122	0.20291	0.000787805
3.92	0.201797	0.202584	0.000786538
3.93	0.201473	0.202258	0.000785274
3.94	0.201149	0.201933	0.000784013
3.95	0.200826	0.201609	0.000782755
3.96	0.200504	0.201286	0.0007815
3.97	0.200183	0.200963	0.000780248
3.98	0.199862	0.200641	0.000778998
3.99	0.199543	0.20032	0.000777751
4	0.199223	0.2	0.000776507
4.01	0.198905	0.19968	0.000775266
4.02	0.198587	0.199361	0.000774028
4.03	0.198271	0.199043	0.000772793
4.04	0.197954	0.198726	0.000771561
4.05	0.197639	0.198409	0.000770331
4.06	0.197324	0.198093	0.000769104
4.07	0.19701	0.197778	0.00076788
4.08	0.196697	0.197463	0.000766659
4.09	0.196384	0.19715	0.000765441
4.1	0.196072	0.196837	0.000764226
4.11	0.195761	0.196524	0.000763013
4.12	0.195451	0.196213	0.000761803
4.13	0.195141	0.195902	0.000760596
4.14	0.194832	0.195592	0.000759392
4.15	0.194524	0.195282	0.000758191
4.16	0.194217	0.194974	0.000756992
4.17	0.19391	0.194666	0.000755797
4.18	0.193604	0.194358	0.000754604
4.19	0.193298	0.194052	0.000753414
4.2	0.192994	0.193746	0.000752226
4.21	0.19269	0.193441	0.000751042
4.22	0.192387	0.193137	0.00074986
4.23	0.192084	0.192833	0.000748681
4.24	0.191782	0.19253	0.000747505
4.25	0.191481	0.192228	0.000746331
4.26	0.191181	0.191926	0.000745161
4.27	0.190881	0.191625	0.000743993
4.28	0.190582	0.191325	0.000742828
4.29	0.190284	0.191026	0.000741665
4.3	0.189987	0.190727	0.000740505
4.31	0.18969	0.190429	0.000739348
4.32	0.189394	0.190132	0.000738194
4.33	0.189098	0.189835	0.000737043
4.34	0.188804	0.189539	0.000735894
4.35	0.18851	0.189244	0.000734748
4.36	0.188216	0.18895	0.000733605
4.37	0.187924	0.188656	0.000732464
4.38	0.187632	0.188363	0.000731326
4.39	0.18734	0.188071	0.000730191
4.4	0.18705	0.187779	0.000729059
4.41	0.18676	0.187488	0.000727929
4.42	0.186471	0.187198	0.000726802
4.43	0.186182	0.186908	0.000725677
4.44	0.185895	0.186619	0.000724556
4.45	0.185607	0.186331	0.000723437
4.46	0.185321	0.186043	0.00072232
4.47	0.185035	0.185757	0.000721207
4.48	0.18475	0.18547	0.000720096
4.49	0.184466	0.185185	0.000718987
4.5	0.184182	0.1849	0.000717881
4.51	0.183899	0.184616	0.000716778
4.52	0.183617	0.184333	0.000715678
4.53	0.183335	0.18405	0.00071458
4.54	0.183054	0.183768	0.000713485
4.55	0.182774	0.183486	0.000712392
4.56	0.182494	0.183206	0.000711302
4.57	0.182215	0.182925	0.000710215
4.58	0.181937	0.182646	0.00070913
4.59	0.181659	0.182367	0.000708048
4.6	0.181382	0.182089	0.000706968
4.61	0.181106	0.181812	0.000705891
4.62	0.18083	0.181535	0.000704817
4.63	0.180555	0.181259	0.000703745
4.64	0.180281	0.180984	0.000702676
4.65	0.180007	0.180709	0.000701609
4.66	0.179734	0.180435	0.000700545
4.67	0.179462	0.180161	0.000699484
4.68	0.17919	0.179889	0.000698425
4.69	0.178919	0.179617	0.000697368
4.7	0.178649	0.179345	0.000696314
4.71	0.178379	0.179074	0.000695263
4.72	0.17811	0.178804	0.000694214
4.73	0.177842	0.178535	0.000693168
4.74	0.177574	0.178266	0.000692124
4.75	0.177307	0.177998	0.000691083
4.76	0.17704	0.17773	0.000690044
4.77	0.176774	0.177463	0.000689007
4.78	0.176509	0.177197	0.000687974
4.79	0.176244	0.176931	0.000686942
4.8	0.17598	0.176666	0.000685914
4.81	0.175717	0.176402	0.000684887
4.82	0.175454	0.176138	0.000683863
4.83	0.175192	0.175875	0.000682842
4.84	0.174931	0.175613	0.000681823
4.85	0.17467	0.175351	0.000680806
4.86	0.17441	0.17509	0.000679792
4.87	0.17415	0.174829	0.000678781
4.88	0.173891	0.174569	0.000677772
4.89	0.173633	0.17431	0.000676765
4.9	0.173376	0.174051	0.000675761
4.91	0.173118	0.173793	0.000674759
4.92	0.172862	0.173536	0.000673759
4.93	0.172606	0.173279	0.000672762
4.94	0.172351	0.173023	0.000671767
4.95	0.172096	0.172767	0.000670775
4.96	0.171842	0.172512	0.000669785
4.97	0.171589	0.172258	0.000668798
4.98	0.171336	0.172004	0.000667813
4.99	0.171084	0.171751	0.00066683
5	0.170833	0.171499	0.00066585
5.01	0.170582	0.171247	0.000664872
5.02	0.170331	0.170995	0.000663896
5.03	0.170082	0.170745	0.000662923
5.04	0.169833	0.170495	0.000661952
5.05	0.169584	0.170245	0.000660983
5.06	0.169336	0.169996	0.000660017
5.07	0.169089	0.169748	0.000659053
5.08	0.168842	0.1695	0.000658091
5.09	0.168596	0.169253	0.000657132
5.1	0.168351	0.169007	0.000656175
5.11	0.168106	0.168761	0.00065522
5.12	0.167861	0.168516	0.000654268
5.13	0.167617	0.168271	0.000653318
5.14	0.167374	0.168027	0.00065237
5.15	0.167132	0.167783	0.000651424
5.16	0.16689	0.16754	0.000650481
5.17	0.166648	0.167298	0.00064954
5.18	0.166407	0.167056	0.000648601
5.19	0.166167	0.166815	0.000647665
5.2	0.165927	0.166574	0.00064673
5.21	0.165688	0.166334	0.000645798
5.22	0.16545	0.166095	0.000644869
5.23	0.165212	0.165856	0.000643941
5.24	0.164974	0.165617	0.000643016
5.25	0.164738	0.16538	0.000642093
5.26	0.164501	0.165142	0.000641172
5.27	0.164266	0.164906	0.000640253
5.28	0.16403	0.16467	0.000639337
5.29	0.163796	0.164434	0.000638422
5.3	0.163562	0.164199	0.00063751
5.31	0.163328	0.163965	0.0006366
5.32	0.163096	0.163731	0.000635693
5.33	0.162863	0.163498	0.000634787
5.34	0.162631	0.163265	0.000633884
5.35	0.1624	0.163033	0.000632983
5.36	0.16217	0.162802	0.000632084
5.37	0.161939	0.162571	0.000631187
5.38	0.16171	0.16234	0.000630292
5.39	0.161481	0.16211	0.000629399
5.4	0.161252	0.161881	0.000628509
5.41	0.161025	0.161652	0.000627621
5.42	0.160797	0.161424	0.000626734
5.43	0.16057	0.161196	0.00062585
5.44	0.160344	0.160969	0.000624968
5.45	0.160118	0.160742	0.000624088
5.46	0.159893	0.160516	0.000623211
5.47	0.159668	0.160291	0.000622335
5.48	0.159444	0.160066	0.000621461
5.49	0.159221	0.159841	0.00062059
5.5	0.158998	0.159617	0.00061972
5.51	0.158775	0.159394	0.000618853
5.52	0.158553	0.159171	0.000617988
5.53	0.158332	0.158949	0.000617124
5.54	0.158111	0.158727	0.000616263
5.55	0.15789	0.158506	0.000615404
5.56	0.15767	0.158285	0.000614547
5.57	0.157451	0.158065	0.000613692
5.58	0.157232	0.157845	0.000612839
5.59	0.157014	0.157626	0.000611988
5.6	0.156796	0.157407	0.000611139
5.61	0.156579	0.157189	0.000610292
5.62	0.156362	0.156971	0.000609447
5.63	0.156146	0.156754	0.000608604
5.64	0.15593	0.156538	0.000607763
5.65	0.155715	0.156322	0.000606924
5.66	0.1555	0.156106	0.000606087
5.67	0.155286	0.155891	0.000605252
5.68	0.155072	0.155676	0.000604419
5.69	0.154859	0.155462	0.000603588
5.7	0.154646	0.155249	0.000602759
5.71	0.154434	0.155036	0.000601932
5.72	0.154222	0.154823	0.000601107
5.73	0.154011	0.154611	0.000600284
5.74	0.1538	0.1544	0.000599463
5.75	0.15359	0.154189	0.000598643
5.76	0.15338	0.153978	0.000597826
5.77	0.153171	0.153768	0.00059701
5.78	0.152962	0.153559	0.000596197
5.79	0.152754	0.15335	0.000595385
5.8	0.152546	0.153141	0.000594576
5.81	0.152339	0.152933	0.000593768
5.82	0.152132	0.152725	0.000592962
5.83	0.151926	0.152518	0.000592158
5.84	0.15172	0.152312	0.000591356
5.85	0.151515	0.152106	0.000590555
5.86	0.15131	0.1519	0.000589757
5.87	0.151106	0.151695	0.000588961
5.88	0.150902	0.15149	0.000588166
5.89	0.150699	0.151286	0.000587373
5.9	0.150496	0.151082	0.000586582
5.91	0.150293	0.150879	0.000585793
5.92	0.150091	0.150676	0.000585006
5.93	0.14989	0.150474	0.000584221
5.94	0.149689	0.150272	0.000583437
5.95	0.149488	0.150071	0.000582656
5.96	0.149288	0.14987	0.000581876
5.97	0.149088	0.14967	0.000581098
5.98	0.148889	0.14947	0.000580321
5.99	0.148691	0.14927	0.000579547
6	0.148492	0.149071	0.000578774
6.01	0.148295	0.148873	0.000578004
6.02	0.148097	0.148675	0.000577235
6.03	0.147901	0.148477	0.000576467
6.04	0.147704	0.14828	0.000575702
6.05	0.147508	0.148083	0.000574938
6.06	0.147313	0.147887	0.000574176
6.07	0.147118	0.147691	0.000573416
6.08	0.146923	0.147496	0.000572658
6.09	0.146729	0.147301	0.000571901
6.1	0.146535	0.147107	0.000571147
6.11	0.146342	0.146913	0.000570394
6.12	0.146149	0.146719	0.000569642
6.13	0.145957	0.146526	0.000568893
6.14	0.145765	0.146333	0.000568145
6.15	0.145574	0.146141	0.000567399
6.16	0.145383	0.145949	0.000566654
6.17	0.145192	0.145758	0.000565912
6.18	0.145002	0.145567	0.000565171
6.19	0.144813	0.145377	0.000564431
6.2	0.144623	0.145187	0.000563694
6.21	0.144434	0.144997	0.000562958
6.22	0.144246	0.144808	0.000562224
6.23	0.144058	0.14462	0.000561491
6.24	0.143871	0.144431	0.000560761
6.25	0.143684	0.144244	0.000560031
6.26	0.143497	0.144056	0.000559304
6.27	0.143311	0.143869	0.000558578
6.28	0.143125	0.143683	0.000557854
6.29	0.14294	0.143497	0.000557132
6.3	0.142755	0.143311	0.000556411
6.31	0.14257	0.143126	0.000555692
6.32	0.142386	0.142941	0.000554974
6.33	0.142203	0.142757	0.000554259
6.34	0.142019	0.142573	0.000553544
6.35	0.141837	0.142389	0.000552832
6.36	0.141654	0.142206	0.000552121
6.37	0.141472	0.142024	0.000551412
6.38	0.141291	0.141841	0.000550704
6.39	0.141109	0.141659	0.000549998
6.4	0.140929	0.141478	0.000549293
6.41	0.140748	0.141297	0.000548591
6.42	0.140568	0.141116	0.000547889
6.43	0.140389	0.140936	0.00054719
6.44	0.14021	0.140756	0.000546492
6.45	0.140031	0.140577	0.000545795
6.46	0.139853	0.140398	0.0005451
6.47	0.139675	0.140219	0.000544407
6.48	0.139497	0.140041	0.000543715
6.49	0.13932	0.139863	0.000543025
6.5	0.139144	0.139686	0.000542336
6.51	0.138967	0.139509	0.000541649
6.52	0.138792	0.139333	0.000540964
6.53	0.138616	0.139156	0.00054028
6.54	0.138441	0.138981	0.000539597
6.55	0.138266	0.138805	0.000538916
6.56	0.138092	0.13863	0.000538237
6.57	0.137918	0.138456	0.000537559
6.58	0.137745	0.138282	0.000536883
6.59	0.137572	0.138108	0.000536208
6.6	0.137399	0.137934	0.000535535
6.61	0.137226	0.137761	0.000534863
6.62	0.137054	0.137589	0.000534193
6.63	0.136883	0.137416	0.000533524
6.64	0.136712	0.137245	0.000532857
6.65	0.136541	0.137073	0.000532192
6.66	0.136371	0.136902	0.000531527
6.67	0.136201	0.136731	0.000530865
6.68	0.136031	0.136561	0.000530203
6.69	0.135862	0.136391	0.000529544
6.7	0.135693	0.136222	0.000528885
6.71	0.135524	0.136052	0.000528229
6.72	0.135356	0.135884	0.000527573
6.73	0.135188	0.135715	0.000526919
6.74	0.135021	0.135547	0.000526267
6.75	0.134854	0.135379	0.000525616
6.76	0.134687	0.135212	0.000524966
6.77	0.134521	0.135045	0.000524318
6.78	0.134355	0.134879	0.000523672
6.79	0.13419	0.134713	0.000523026
6.8	0.134024	0.134547	0.000522383
6.81	0.13386	0.134381	0.00052174
6.82	0.133695	0.134216	0.000521099
6.83	0.133531	0.134052	0.00052046
6.84	0.133367	0.133887	0.000519822
6.85	0.133204	0.133723	0.000519185
6.86	0.133041	0.13356	0.00051855
6.87	0.132878	0.133396	0.000517916
6.88	0.132716	0.133233	0.000517284
6.89	0.132554	0.133071	0.000516653
6.9	0.132393	0.132909	0.000516023
6.91	0.132231	0.132747	0.000515395
6.92	0.132071	0.132585	0.000514768
6.93	0.13191	0.132424	0.000514142
6.94	0.13175	0.132264	0.000513518
6.95	0.13159	0.132103	0.000512895
6.96	0.131431	0.131943	0.000512274
6.97	0.131272	0.131783	0.000511654
6.98	0.131113	0.131624	0.000511035
6.99	0.130955	0.131465	0.000510418
7	0.130797	0.131306	0.000509802
7.01	0.130639	0.131148	0.000509187
7.02	0.130482	0.13099	0.000508574
7.03	0.130325	0.130833	0.000507962
7.04	0.130168	0.130675	0.000507352
7.05	0.130012	0.130518	0.000506742
7.06	0.129856	0.130362	0.000506135
7.07	0.1297	0.130206	0.000505528
7.08	0.129545	0.13005	0.000504923
7.09	0.12939	0.129894	0.000504319
7.1	0.129235	0.129739	0.000503716
7.11	0.129081	0.129584	0.000503115
7.12	0.128927	0.129429	0.000502515
7.13	0.128773	0.129275	0.000501916
7.14	0.12862	0.129121	0.000501319
7.15	0.128467	0.128968	0.000500722
7.16	0.128315	0.128815	0.000500128
7.17	0.128162	0.128662	0.000499534
7.18	0.12801	0.128509	0.000498942
7.19	0.127859	0.128357	0.000498351
7.2	0.127707	0.128205	0.000497761
7.21	0.127556	0.128054	0.000497173
7.22	0.127406	0.127902	0.000496586
7.23	0.127255	0.127751	0.000496
7.24	0.127105	0.127601	0.000495415
7.25	0.126956	0.127451	0.000494832
7.26	0.126806	0.127301	0.00049425
7.27	0.126657	0.127151	0.000493669
7.28	0.126509	0.127002	0.000493089
7.29	0.12636	0.126853	0.000492511
7.3	0.126212	0.126704	0.000491934
7.31	0.126064	0.126556	0.000491358
7.32	0.125917	0.126408	0.000490783
7.33	0.12577	0.12626	0.00049021
7.34	0.125623	0.126113	0.000489637
7.35	0.125477	0.125966	0.000489066
7.36	0.12533	0.125819	0.000488497
7.37	0.125185	0.125672	0.000487928
7.38	0.125039	0.125526	0.000487361
7.39	0.124894	0.125381	0.000486795
7.4	0.124749	0.125235	0.00048623
7.41	0.124604	0.12509	0.000485666
7.42	0.12446	0.124945	0.000485103
7.43	0.124316	0.1248	0.000484542
7.44	0.124172	0.124656	0.000483982
7.45	0.124029	0.124512	0.000483423
7.46	0.123886	0.124368	0.000482865
7.47	0.123743	0.124225	0.000482309
7.48	0.1236	0.124082	0.000481753
7.49	0.123458	0.123939	0.000481199
7.5	0.123316	0.123797	0.000480646
7.51	0.123175	0.123655	0.000480094
7.52	0.123033	0.123513	0.000479543
7.53	0.122892	0.123371	0.000478994
7.54	0.122752	0.12323	0.000478445
7.55	0.122611	0.123089	0.000477898
7.56	0.122471	0.122949	0.000477352
7.57	0.122331	0.122808	0.000476807
7.58	0.122192	0.122668	0.000476263
7.59	0.122053	0.122528	0.000475721
7.6	0.121914	0.122389	0.000475179
7.61	0.121775	0.12225	0.000474639
7.62	0.121637	0.122111	0.0004741
7.63	0.121499	0.121972	0.000473561
7.64	0.121361	0.121834	0.000473024
7.65	0.121223	0.121696	0.000472489
7.66	0.121086	0.121558	0.000471954
7.67	0.120949	0.121421	0.00047142
7.68	0.120813	0.121284	0.000470888
7.69	0.120676	0.121147	0.000470356
7.7	0.12054	0.12101	0.000469826
7.71	0.120404	0.120874	0.000469297
7.72	0.120269	0.120738	0.000468769
7.73	0.120134	0.120602	0.000468242
7.74	0.119999	0.120467	0.000467716
7.75	0.119864	0.120331	0.000467191
7.76	0.11973	0.120196	0.000466667
7.77	0.119596	0.120062	0.000466145
7.78	0.119462	0.119928	0.000465623
7.79	0.119328	0.119793	0.000465103
7.8	0.119195	0.11966	0.000464583
7.81	0.119062	0.119526	0.000464065
7.82	0.118929	0.119393	0.000463548
7.83	0.118797	0.11926	0.000463031
7.84	0.118665	0.119127	0.000462516
7.85	0.118533	0.118995	0.000462002
7.86	0.118401	0.118863	0.000461489
7.87	0.11827	0.118731	0.000460977
7.88	0.118139	0.118599	0.000460466
7.89	0.118008	0.118468	0.000459957
7.9	0.117878	0.118337	0.000459448
7.91	0.117747	0.118206	0.00045894
7.92	0.117617	0.118076	0.000458433
7.93	0.117488	0.117945	0.000457928
7.94	0.117358	0.117815	0.000457423
7.95	0.117229	0.117686	0.000456919
7.96	0.1171	0.117556	0.000456417
7.97	0.116971	0.117427	0.000455915
7.98	0.116843	0.117298	0.000455415
7.99	0.116715	0.11717	0.000454915
8	0.116587	0.117041	0.000454417
8.01	0.116459	0.116913	0.000453919
8.02	0.116332	0.116785	0.000453423
8.03	0.116205	0.116658	0.000452927
8.04	0.116078	0.11653	0.000452433
8.05	0.115951	0.116403	0.000451939
8.06	0.115825	0.116276	0.000451447
8.07	0.115699	0.11615	0.000450955
8.08	0.115573	0.116023	0.000450465
8.09	0.115447	0.115897	0.000449975
8.1	0.115322	0.115771	0.000449487
8.11	0.115197	0.115646	0.000448999
8.12	0.115072	0.115521	0.000448513
8.13	0.114948	0.115396	0.000448027
8.14	0.114823	0.115271	0.000447543
8.15	0.114699	0.115146	0.000447059
8.16	0.114575	0.115022	0.000446577
8.17	0.114452	0.114898	0.000446095
8.18	0.114328	0.114774	0.000445614
8.19	0.114205	0.11465	0.000445135
8.2	0.114083	0.114527	0.000444656
8.21	0.11396	0.114404	0.000444178
8.22	0.113838	0.114281	0.000443701
8.23	0.113716	0.114159	0.000443226
8.24	0.113594	0.114036	0.000442751
8.25	0.113472	0.113914	0.000442277
8.26	0.113351	0.113793	0.000441804
8.27	0.11323	0.113671	0.000441332
8.28	0.113109	0.11355	0.00044086
8.29	0.112988	0.113428	0.00044039
8.3	0.112868	0.113308	0.000439921
8.31	0.112748	0.113187	0.000439453
8.32	0.112628	0.113067	0.000438985
8.33	0.112508	0.112946	0.000438519
8.34	0.112389	0.112827	0.000438053
8.35	0.112269	0.112707	0.000437589
8.36	0.11215	0.112587	0.000437125
8.37	0.112032	0.112468	0.000436662
8.38	0.111913	0.112349	0.0004362
8.39	0.111795	0.112231	0.00043574
8.4	0.111677	0.112112	0.00043528
8.41	0.111559	0.111994	0.00043482
8.42	0.111441	0.111876	0.000434362
8.43	0.111324	0.111758	0.000433905
8.44	0.111207	0.111641	0.000433448
8.45	0.11109	0.111523	0.000432993
8.46	0.110974	0.111406	0.000432538
8.47	0.110857	0.111289	0.000432085
8.48	0.110741	0.111173	0.000431632
8.49	0.110625	0.111056	0.00043118
8.5	0.110509	0.11094	0.000430729
8.51	0.110394	0.110824	0.000430279
8.52	0.110279	0.110708	0.000429829
8.53	0.110163	0.110593	0.000429381
8.54	0.110049	0.110478	0.000428933
8.55	0.109934	0.110363	0.000428487
8.56	0.10982	0.110248	0.000428041
8.57	0.109706	0.110133	0.000427596
8.58	0.109592	0.110019	0.000427152
8.59	0.109478	0.109905	0.000426709
8.6	0.109364	0.109791	0.000426267
8.61	0.109251	0.109677	0.000425825
8.62	0.109138	0.109564	0.000425384
8.63	0.109025	0.10945	0.000424945
8.64	0.108913	0.109337	0.000424506
8.65	0.1088	0.109224	0.000424068
8.66	0.108688	0.109112	0.000423631
8.67	0.108576	0.108999	0.000423194
8.68	0.108464	0.108887	0.000422759
8.69	0.108353	0.108775	0.000422324
8.7	0.108242	0.108664	0.00042189
8.71	0.108131	0.108552	0.000421457
8.72	0.10802	0.108441	0.000421025
8.73	0.107909	0.10833	0.000420594
8.74	0.107799	0.108219	0.000420163
8.75	0.107688	0.108108	0.000419734
8.76	0.107578	0.107998	0.000419305
8.77	0.107469	0.107887	0.000418877
8.78	0.107359	0.107777	0.00041845
8.79	0.10725	0.107668	0.000418023
8.8	0.10714	0.107558	0.000417598
8.81	0.107031	0.107449	0.000417173
8.82	0.106923	0.107339	0.000416749
8.83	0.106814	0.10723	0.000416326
8.84	0.106706	0.107122	0.000415904
8.85	0.106598	0.107013	0.000415482
8.86	0.10649	0.106905	0.000415062
8.87	0.106382	0.106797	0.000414642
8.88	0.106274	0.106689	0.000414223
8.89	0.106167	0.106581	0.000413804
8.9	0.10606	0.106473	0.000413387
8.91	0.105953	0.106366	0.00041297
8.92	0.105846	0.106259	0.000412554
8.93	0.10574	0.106152	0.000412139
8.94	0.105634	0.106045	0.000411725
8.95	0.105527	0.105939	0.000411311
8.96	0.105422	0.105832	0.000410899
8.97	0.105316	0.105726	0.000410487
8.98	0.10521	0.10562	0.000410075
8.99	0.105105	0.105515	0.000409665
9	0.105	0.105409	0.000409255
9.01	0.104895	0.105304	0.000408846
9.02	0.10479	0.105199	0.000408438
9.03	0.104686	0.105094	0.000408031
9.04	0.104582	0.104989	0.000407624
9.05	0.104477	0.104885	0.000407219
9.06	0.104374	0.10478	0.000406814
9.07	0.10427	0.104676	0.000406409
9.08	0.104166	0.104572	0.000406006
9.09	0.104063	0.104469	0.000405603
9.1	0.10396	0.104365	0.000405201
9.11	0.103857	0.104262	0.0004048
9.12	0.103754	0.104159	0.000404399
9.13	0.103652	0.104056	0.000404
9.14	0.103549	0.103953	0.000403601
9.15	0.103447	0.10385	0.000403202
9.16	0.103345	0.103748	0.000402805
9.17	0.103243	0.103646	0.000402408
9.18	0.103142	0.103544	0.000402012
9.19	0.10304	0.103442	0.000401617
9.2	0.102939	0.10334	0.000401222
9.21	0.102838	0.103239	0.000400828
9.22	0.102737	0.103138	0.000400435
9.23	0.102636	0.103036	0.000400043
9.24	0.102536	0.102936	0.000399651
9.25	0.102436	0.102835	0.00039926
9.26	0.102336	0.102734	0.00039887
9.27	0.102236	0.102634	0.000398481
9.28	0.102136	0.102534	0.000398092
9.29	0.102036	0.102434	0.000397704
9.3	0.101937	0.102334	0.000397317
9.31	0.101838	0.102235	0.00039693
9.32	0.101739	0.102135	0.000396544
9.33	0.10164	0.102036	0.000396159
9.34	0.101541	0.101937	0.000395774
9.35	0.101443	0.101838	0.000395391
9.36	0.101345	0.10174	0.000395008
9.37	0.101246	0.101641	0.000394625
9.38	0.101149	0.101543	0.000394244
9.39	0.101051	0.101445	0.000393863
9.4	0.100953	0.101347	0.000393482
9.41	0.100856	0.101249	0.000393103
9.42	0.100759	0.101151	0.000392724
9.43	0.100662	0.101054	0.000392346
9.44	0.100565	0.100957	0.000391968
9.45	0.100468	0.10086	0.000391592
9.46	0.100372	0.100763	0.000391215
9.47	0.100275	0.100666	0.00039084
9.48	0.100179	0.10057	0.000390465
9.49	0.100083	0.100473	0.000390091
9.5	0.0999874	0.100377	0.000389718
9.51	0.0998918	0.100281	0.000389345
9.52	0.0997963	0.100185	0.000388973
9.53	0.0997011	0.10009	0.000388602
9.54	0.099606	0.0999942	0.000388231
9.55	0.099511	0.0998989	0.000387861
9.56	0.0994163	0.0998038	0.000387492
9.57	0.0993217	0.0997088	0.000387123
9.58	0.0992273	0.099614	0.000386755
9.59	0.099133	0.0995194	0.000386388
9.6	0.099039	0.099425	0.000386021
9.61	0.0989451	0.0993307	0.000385655
9.62	0.0988513	0.0992366	0.00038529
9.63	0.0987578	0.0991427	0.000384925
9.64	0.0986644	0.0990489	0.000384561
9.65	0.0985712	0.0989554	0.000384198
9.66	0.0984781	0.0988619	0.000383835
9.67	0.0983852	0.0987687	0.000383473
9.68	0.0982925	0.0986756	0.000383112
9.69	0.0981999	0.0985827	0.000382751
9.7	0.0981075	0.0984899	0.000382391
9.71	0.0980153	0.0983973	0.000382031
9.72	0.0979232	0.0983049	0.000381672
9.73	0.0978313	0.0982126	0.000381314
9.74	0.0977396	0.0981205	0.000380957
9.75	0.097648	0.0980286	0.0003806
9.76	0.0975566	0.0979369	0.000380243
9.77	0.0974654	0.0978453	0.000379888
9.78	0.0973743	0.0977538	0.000379533
9.79	0.0972834	0.0976625	0.000379178
9.8	0.0971926	0.0975714	0.000378825
9.81	0.097102	0.0974805	0.000378472
9.82	0.0970116	0.0973897	0.000378119
9.83	0.0969213	0.0972991	0.000377767
9.84	0.0968312	0.0972086	0.000377416
9.85	0.0967412	0.0971183	0.000377065
9.86	0.0966514	0.0970281	0.000376715
9.87	0.0965618	0.0969381	0.000376366
9.88	0.0964723	0.0968483	0.000376017
9.89	0.096383	0.0967586	0.000375669
9.9	0.0962938	0.0966691	0.000375321
9.91	0.0962048	0.0965798	0.000374975
9.92	0.096116	0.0964906	0.000374628
9.93	0.0960273	0.0964015	0.000374283
9.94	0.0959387	0.0963127	0.000373937
9.95	0.0958503	0.0962239	0.000373593
9.96	0.0957621	0.0961354	0.000373249
9.97	0.095674	0.0960469	0.000372906
9.98	0.0955861	0.0959587	0.000372563
9.99	0.0954984	0.0958706	0.000372221
10	0.0954107	0.0957826	0.00037188
