0.97 0
1.93968 0.1
2.90839 0.2
3.87549 0.3
4.84034 0.4
5.80231 0.5
6.76076 0.6
7.71509 0.7
8.66468 0.8
9.60894 0.9
10.5473 1
11.4791 1.1
12.404 1.2
13.3212 1.3
14.2304 1.4
15.1309 1.5
16.0224 1.6
16.9044 1.7
17.7765 1.8
18.6381 1.9
19.489 2
20.3288 2.1
21.1571 2.2
21.9736 2.3
22.7781 2.4
23.5702 2.5
24.3497 2.6
25.1164 2.7
25.8701 2.8
26.6107 2.9
27.3379 3
28.0517 3.1
28.7519 3.2
29.4384 3.3
30.1113 3.4
30.7704 3.5
31.4158 3.6
32.0474 3.7
32.6653 3.8
33.2695 3.9
33.86 4
34.4369 4.1
35.0003 4.2
35.5503 4.3
36.087 4.4
36.6105 4.5
37.1209 4.6
37.6185 4.7
38.1033 4.8
38.5755 4.9
39.0353 5
39.4829 5.1
39.9184 5.2
40.3421 5.3
40.7541 5.4
41.1546 5.5
41.5439 5.6
41.9222 5.7
42.2896 5.8
42.6465 5.9
42.9929 6
43.3292 6.1
43.6555 6.2
43.9721 6.3
44.2791 6.4
44.5769 6.5
44.8656 6.6
45.1455 6.7
45.4167 6.8
45.6795 6.9
45.9341 7
46.1807 7.1
46.4195 7.2
46.6507 7.3
46.8746 7.4
47.0912 7.5
47.3009 7.6
47.5038 7.7
47.7001 7.8
47.89 7.9
48.0737 8
48.2513 8.1
48.4231 8.2
48.5891 8.3
48.7497 8.4
48.9049 8.5
49.0549 8.6
49.1998 8.7
49.3399 8.8
49.4752 8.9
49.606 9
49.7323 9.1
49.8543 9.2
49.9722 9.3
50.086 9.4
50.1959 9.5
50.302 9.6
50.4045 9.7
50.5034 9.8
50.5989 9.9
50.6911 10
50.7801 10.1
50.866 10.2
50.9489 10.3
51.0289 10.4
51.1062 10.5
51.1807 10.6
51.2526 10.7
51.3219 10.8
51.3889 10.9
51.4535 11
51.5158 11.1
51.5759 11.2
51.6338 11.3
51.6898 11.4
51.7437 11.5
51.7957 11.6
51.8459 11.7
51.8943 11.8
51.941 11.9
51.986 12
52.0294 12.1
52.0713 12.2
52.1117 12.3
52.1506 12.4
52.1881 12.5
52.2243 12.6
52.2592 12.7
52.2929 12.8
52.3253 12.9
52.3566 13
52.3867 13.1
52.4158 13.2
52.4438 13.3
52.4709 13.4
52.4969 13.5
52.522 13.6
52.5462 13.7
52.5696 13.8
52.5921 13.9
52.6137 14
52.6346 14.1
52.6548 14.2
52.6742 14.3
52.6929 14.4
52.711 14.5
52.7284 14.6
52.7451 14.7
52.7613 14.8
52.7768 14.9
52.7919 15
52.8063 15.1
52.8203 15.2
52.8337 15.3
52.8466 15.4
52.8591 15.5
52.8711 15.6
52.8827 15.7
52.8939 15.8
52.9047 15.9
52.9151 16
52.9251 16.1
52.9347 16.2
52.944 16.3
52.9529 16.4
52.9615 16.5
52.9699 16.6
52.9779 16.7
52.9856 16.8
52.993 16.9
53.0002 17
53.0071 17.1
53.0138 17.2
53.0202 17.3
53.0264 17.4
53.0323 17.5
53.038 17.6
53.0436 17.7
53.0489 17.8
53.054 17.9
53.059 18
53.0638 18.1
53.0684 18.2
53.0728 18.3
53.0771 18.4
53.0812 18.5
53.0851 18.6
53.0889 18.7
53.0926 18.8
53.0962 18.9
53.0996 19
53.1029 19.1
53.106 19.2
53.1091 19.3
53.1121 19.4
53.1149 19.5
53.1176 19.6
53.1203 19.7
53.1228 19.8
53.1252 19.9
53.1276 20
53.1299 20.1
53.1321 20.2
53.1342 20.3
53.1362 20.4
53.1382 20.5
53.14 20.6
53.1419 20.7
53.1436 20.8
53.1453 20.9
53.1469 21
53.1485 21.1
53.15 21.2
53.1515 21.3
53.1529 21.4
53.1542 21.5
53.1555 21.6
53.1568 21.7
53.158 21.8
53.1591 21.9
53.1603 22
53.1613 22.1
53.1624 22.2
53.1634 22.3
53.1644 22.4
53.1653 22.5
53.1662 22.6
53.1671 22.7
53.1679 22.8
53.1687 22.9
53.1695 23
53.1702 23.1
53.1709 23.2
53.1716 23.3
53.1723 23.4
53.1729 23.5
53.1735 23.6
53.1741 23.7
53.1747 23.8
53.1753 23.9
53.1758 24
53.1763 24.1
53.1768 24.2
53.1773 24.3
53.1778 24.4
53.1782 24.5
53.1786 24.6
53.179 24.7
53.1794 24.8
53.1798 24.9
53.1802 25
53.1805 25.1
53.1809 25.2
53.1812 25.3
53.1815 25.4
53.1818 25.5
53.1821 25.6
53.1824 25.7
53.1827 25.8
53.1829 25.9
53.1832 26
53.1834 26.1
53.1837 26.2
53.1839 26.3
53.1841 26.4
53.1843 26.5
53.1845 26.6
53.1847 26.7
53.1849 26.8
53.1851 26.9
53.1853 27
53.1855 27.1
53.1856 27.2
53.1858 27.3
53.1859 27.4
53.1861 27.5
53.1862 27.6
53.1863 27.7
53.1865 27.8
53.1866 27.9
53.1867 28
53.1868 28.1
53.1869 28.2
53.1871 28.3
53.1872 28.4
53.1873 28.5
53.1874 28.6
53.1875 28.7
53.1875 28.8
53.1876 28.9
53.1877 29
53.1878 29.1
53.1879 29.2
53.1879 29.3
53.188 29.4
53.1881 29.5
53.1882 29.6
53.1882 29.7
53.1883 29.8
53.1883 29.9
53.1884 30
53.1884 30.1
53.1885 30.2
53.1886 30.3
53.1886 30.4
53.1887 30.5
53.1887 30.6
53.1887 30.7
53.1888 30.8
53.1888 30.9
53.1889 31
53.1889 31.1
53.1889 31.2
53.189 31.3
53.189 31.4
53.189 31.5
53.1891 31.6
53.1891 31.7
53.1891 31.8
53.1892 31.9
53.1892 32
53.1892 32.1
53.1892 32.2
53.1893 32.3
53.1893 32.4
53.1893 32.5
53.1893 32.6
53.1894 32.7
53.1894 32.8
53.1894 32.9
53.1894 33
53.1894 33.1
53.1894 33.2
53.1895 33.3
53.1895 33.4
53.1895 33.5
53.1895 33.6
53.1895 33.7
53.1895 33.8
53.1896 33.9
53.1896 34
53.1896 34.1
53.1896 34.2
53.1896 34.3
53.1896 34.4
53.1896 34.5
53.1896 34.6
53.1896 34.7
53.1897 34.8
53.1897 34.9
53.1897 35
53.1897 35.1
53.1897 35.2
53.1897 35.3
53.1897 35.4
53.1897 35.5
53.1897 35.6
53.1897 35.7
53.1897 35.8
53.1897 35.9
53.1897 36
53.1898 36.1
53.1898 36.2
53.1898 36.3
53.1898 36.4
53.1898 36.5
53.1898 36.6
53.1898 36.7
53.1898 36.8
53.1898 36.9
53.1898 37
53.1898 37.1
53.1898 37.2
53.1898 37.3
53.1898 37.4
53.1898 37.5
53.1898 37.6
53.1898 37.7
53.1898 37.8
53.1898 37.9
53.1898 38
53.1898 38.1
53.1898 38.2
53.1898 38.3
53.1898 38.4
53.1898 38.5
53.1898 38.6
53.1899 38.7
53.1899 38.8
53.1899 38.9
53.1899 39
53.1899 39.1
53.1899 39.2
53.1899 39.3
53.1899 39.4
53.1899 39.5
53.1899 39.6
53.1899 39.7
53.1899 39.8
53.1899 39.9
53.1899 40
53.1899 40.1
53.1899 40.2
53.1899 40.3
53.1899 40.4
53.1899 40.5
53.1899 40.6
53.1899 40.7
53.1899 40.8
53.1899 40.9
53.1899 41
53.1899 41.1
53.1899 41.2
53.1899 41.3
53.1899 41.4
53.1899 41.5
53.1899 41.6
53.1899 41.7
53.1899 41.8
53.1899 41.9
53.1899 42
53.1899 42.1
53.1899 42.2
53.1899 42.3
53.1899 42.4
53.1899 42.5
53.1899 42.6
53.1899 42.7
53.1899 42.8
53.1899 42.9
53.1899 43
53.1899 43.1
53.1899 43.2
53.1899 43.3
53.1899 43.4
53.1899 43.5
53.1899 43.6
53.1899 43.7
53.1899 43.8
53.1899 43.9
53.1899 44
53.1899 44.1
53.1899 44.2
53.1899 44.3
53.1899 44.4
53.1899 44.5
53.1899 44.6
53.1899 44.7
53.1899 44.8
53.1899 44.9
53.1899 45
53.1899 45.1
53.1899 45.2
53.1899 45.3
53.1899 45.4
53.1899 45.5
53.1899 45.6
53.1899 45.7
53.1899 45.8
53.1899 45.9
53.1899 46
53.1899 46.1
53.1899 46.2
53.1899 46.3
53.1899 46.4
53.1899 46.5
53.1899 46.6
53.1899 46.7
53.1899 46.8
53.1899 46.9
53.1899 47
53.1899 47.1
53.1899 47.2
53.1899 47.3
53.1899 47.4
53.1899 47.5
53.1899 47.6
53.1899 47.7
53.1899 47.8
53.1899 47.9
53.1899 48
53.1899 48.1
53.1899 48.2
53.1899 48.3
53.1899 48.4
53.1899 48.5
53.1899 48.6
53.1899 48.7
53.1899 48.8
53.1899 48.9
53.1899 49
53.1899 49.1
53.1899 49.2
53.1899 49.3
53.1899 49.4
53.1899 49.5
53.1899 49.6
53.1899 49.7
53.1899 49.8
53.1899 49.9
53.1899 50
53.1899 50.1
53.1899 50.2
53.1899 50.3
53.1899 50.4
53.1899 50.5
53.1899 50.6
53.1899 50.7
53.1899 50.8
53.1899 50.9
53.1899 51
53.1899 51.1
53.1899 51.2
53.1899 51.3
53.1899 51.4
53.1899 51.5
53.1899 51.6
53.1899 51.7
53.1899 51.8
53.1899 51.9
53.1899 52
53.1899 52.1
53.1899 52.2
53.1899 52.3
53.1899 52.4
53.1899 52.5
53.1899 52.6
53.1899 52.7
53.1899 52.8
53.1899 52.9
53.1899 53
53.1899 53.1
53.1899 53.2
53.1899 53.3
53.1899 53.4
53.1899 53.5
53.1899 53.6
53.1899 53.7
53.1899 53.8
53.1899 53.9
53.1899 54
53.1899 54.1
53.1899 54.2
53.1899 54.3
53.1899 54.4
53.1899 54.5
53.1899 54.6
53.1899 54.7
53.1899 54.8
53.1899 54.9
53.1899 55
53.1899 55.1
53.1899 55.2
53.1899 55.3
53.1899 55.4
53.1899 55.5
53.1899 55.6
53.1899 55.7
53.1899 55.8
53.1899 55.9
53.1899 56
53.1899 56.1
53.1899 56.2
53.1899 56.3
53.1899 56.4
53.1899 56.5
53.1899 56.6
53.1899 56.7
53.1899 56.8
53.1899 56.9
53.1899 57
53.1899 57.1
53.1899 57.2
53.1899 57.3
53.1899 57.4
53.1899 57.5
53.1899 57.6
53.1899 57.7
53.1899 57.8
53.1899 57.9
53.1899 58
53.1899 58.1
53.1899 58.2
53.1899 58.3
53.1899 58.4
53.1899 58.5
53.1899 58.6
53.1899 58.7
53.1899 58.8
53.1899 58.9
53.1899 59
53.1899 59.1
53.1899 59.2
53.1899 59.3
53.1899 59.4
53.1899 59.5
53.1899 59.6
53.1899 59.7
53.1899 59.8
53.1899 59.9
53.1899 60
53.1899 60.1
53.1899 60.2
53.1899 60.3
53.1899 60.4
53.1899 60.5
53.1899 60.6
53.1899 60.7
53.1899 60.8
53.1899 60.9
53.1899 61
53.1899 61.1
53.1899 61.2
53.1899 61.3
53.1899 61.4
53.1899 61.5
53.1899 61.6
53.1899 61.7
53.1899 61.8
53.1899 61.9
53.1899 62
53.1899 62.1
53.1899 62.2
53.1899 62.3
53.1899 62.4
53.1899 62.5
53.1899 62.6
53.1899 62.7
53.1899 62.8
53.1899 62.9
53.1899 63
53.1899 63.1
53.1899 63.2
53.1899 63.3
53.1899 63.4
53.1899 63.5
53.1899 63.6
53.1899 63.7
53.1899 63.8
53.1899 63.9
53.1899 64
53.1899 64.1
53.1899 64.2
53.1899 64.3
53.1899 64.4
53.1899 64.5
53.1899 64.6
53.1899 64.7
53.1899 64.8
53.1899 64.9
53.1899 65
53.1899 65.1
53.1899 65.2
53.1899 65.3
53.1899 65.4
53.1899 65.5
53.1899 65.6
53.1899 65.7
53.1899 65.8
53.1899 65.9
53.1899 66
53.1899 66.1
53.1899 66.2
53.1899 66.3
53.1899 66.4
53.1899 66.5
53.1899 66.6
53.1899 66.7
53.1899 66.8
53.1899 66.9
53.1899 67
53.1899 67.1
53.1899 67.2
53.1899 67.3
53.1899 67.4
53.1899 67.5
53.1899 67.6
53.1899 67.7
53.1899 67.8
53.1899 67.9
53.1899 68
53.1899 68.1
53.1899 68.2
53.1899 68.3
53.1899 68.4
53.1899 68.5
53.1899 68.6
53.1899 68.7
53.1899 68.8
53.1899 68.9
53.1899 69
53.1899 69.1
53.1899 69.2
53.1899 69.3
53.1899 69.4
53.1899 69.5
53.1899 69.6
53.1899 69.7
53.1899 69.8
53.1899 69.9
53.1899 70
53.1899 70.1
53.1899 70.2
53.1899 70.3
53.1899 70.4
53.1899 70.5
53.1899 70.6
53.1899 70.7
53.1899 70.8
53.1899 70.9
53.1899 71
53.1899 71.1
53.1899 71.2
53.1899 71.3
53.1899 71.4
53.1899 71.5
53.1899 71.6
53.1899 71.7
53.1899 71.8
53.1899 71.9
53.1899 72
53.1899 72.1
53.1899 72.2
53.1899 72.3
53.1899 72.4
53.1899 72.5
53.1899 72.6
53.1899 72.7
53.1899 72.8
53.1899 72.9
53.1899 73
53.1899 73.1
53.1899 73.2
53.1899 73.3
53.1899 73.4
53.1899 73.5
53.1899 73.6
53.1899 73.7
53.1899 73.8
53.1899 73.9
53.1899 74
53.1899 74.1
53.1899 74.2
53.1899 74.3
53.1899 74.4
53.1899 74.5
53.1899 74.6
53.1899 74.7
53.1899 74.8
53.1899 74.9
53.1899 75
53.1899 75.1
53.1899 75.2
53.1899 75.3
53.1899 75.4
53.1899 75.5
53.1899 75.6
53.1899 75.7
53.1899 75.8
53.1899 75.9
53.1899 76
53.1899 76.1
53.1899 76.2
53.1899 76.3
53.1899 76.4
53.1899 76.5
53.1899 76.6
53.1899 76.7
53.1899 76.8
53.1899 76.9
53.1899 77
53.1899 77.1
53.1899 77.2
53.1899 77.3
53.1899 77.4
53.1899 77.5
53.1899 77.6
53.1899 77.7
53.1899 77.8
53.1899 77.9
53.1899 78
53.1899 78.1
53.1899 78.2
53.1899 78.3
53.1899 78.4
53.1899 78.5
53.1899 78.6
53.1899 78.7
53.1899 78.8
53.1899 78.9
53.1899 79
53.1899 79.1
53.1899 79.2
53.1899 79.3
53.1899 79.4
53.1899 79.5
53.1899 79.6
53.1899 79.7
53.1899 79.8
53.1899 79.9
53.1899 80
53.1899 80.1
53.1899 80.2
53.1899 80.3
53.1899 80.4
53.1899 80.5
53.1899 80.6
53.1899 80.7
53.1899 80.8
53.1899 80.9
53.1899 81
53.1899 81.1
53.1899 81.2
53.1899 81.3
53.1899 81.4
53.1899 81.5
53.1899 81.6
53.1899 81.7
53.1899 81.8
53.1899 81.9
53.1899 82
53.1899 82.1
53.1899 82.2
53.1899 82.3
53.1899 82.4
53.1899 82.5
53.1899 82.6
53.1899 82.7
53.1899 82.8
53.1899 82.9
53.1899 83
53.1899 83.1
53.1899 83.2
53.1899 83.3
53.1899 83.4
53.1899 83.5
53.1899 83.6
53.1899 83.7
53.1899 83.8
53.1899 83.9
53.1899 84
53.1899 84.1
53.1899 84.2
53.1899 84.3
53.1899 84.4
53.1899 84.5
53.1899 84.6
53.1899 84.7
53.1899 84.8
53.1899 84.9
53.1899 85
53.1899 85.1
53.1899 85.2
53.1899 85.3
53.1899 85.4
53.1899 85.5
53.1899 85.6
53.1899 85.7
53.1899 85.8
53.1899 85.9
53.1899 86
53.1899 86.1
53.1899 86.2
53.1899 86.3
53.1899 86.4
53.1899 86.5
53.1899 86.6
53.1899 86.7
53.1899 86.8
53.1899 86.9
53.1899 87
53.1899 87.1
53.1899 87.2
53.1899 87.3
53.1899 87.4
53.1899 87.5
53.1899 87.6
53.1899 87.7
53.1899 87.8
53.1899 87.9
53.1899 88
53.1899 88.1
53.1899 88.2
53.1899 88.3
53.1899 88.4
53.1899 88.5
53.1899 88.6
53.1899 88.7
53.1899 88.8
53.1899 88.9
53.1899 89
53.1899 89.1
53.1899 89.2
53.1899 89.3
53.1899 89.4
53.1899 89.5
53.1899 89.6
53.1899 89.7
53.1899 89.8
53.1899 89.9
53.1899 90
53.1899 90.1
53.1899 90.2
53.1899 90.3
53.1899 90.4
53.1899 90.5
53.1899 90.6
53.1899 90.7
53.1899 90.8
53.1899 90.9
53.1899 91
53.1899 91.1
53.1899 91.2
53.1899 91.3
53.1899 91.4
53.1899 91.5
53.1899 91.6
53.1899 91.7
53.1899 91.8
53.1899 91.9
53.1899 92
53.1899 92.1
53.1899 92.2
53.1899 92.3
53.1899 92.4
53.1899 92.5
53.1899 92.6
53.1899 92.7
53.1899 92.8
53.1899 92.9
53.1899 93
53.1899 93.1
53.1899 93.2
53.1899 93.3
53.1899 93.4
53.1899 93.5
53.1899 93.6
53.1899 93.7
53.1899 93.8
53.1899 93.9
53.1899 94
53.1899 94.1
53.1899 94.2
53.1899 94.3
53.1899 94.4
53.1899 94.5
53.1899 94.6
53.1899 94.7
53.1899 94.8
53.1899 94.9
53.1899 95
53.1899 95.1
53.1899 95.2
53.1899 95.3
53.1899 95.4
53.1899 95.5
53.1899 95.6
53.1899 95.7
53.1899 95.8
53.1899 95.9
53.1899 96
53.1899 96.1
53.1899 96.2
53.1899 96.3
53.1899 96.4
53.1899 96.5
53.1899 96.6
53.1899 96.7
53.1899 96.8
53.1899 96.9
53.1899 97
53.1899 97.1
53.1899 97.2
53.1899 97.3
53.1899 97.4
53.1899 97.5
53.1899 97.6
53.1899 97.7
53.1899 97.8
53.1899 97.9
53.1899 98
53.1899 98.1
53.1899 98.2
53.1899 98.3
53.1899 98.4
53.1899 98.5
53.1899 98.6
53.1899 98.7
53.1899 98.8
53.1899 98.9
53.1899 99
53.1899 99.1
53.1899 99.2
53.1899 99.3
53.1899 99.4
53.1899 99.5
53.1899 99.6
53.1899 99.7
53.1899 99.8
53.1899 99.9
