-0 0
0.969892 0.1
1.93914 0.2
2.9071 0.3
3.87313 0.4
4.8366 0.5
5.79688 0.6
6.75336 0.7
7.70541 0.8
8.65245 0.9
9.59388 1
10.5291 1.1
11.4577 1.2
12.3789 1.3
13.2924 1.4
14.1976 1.5
15.0941 1.6
15.9812 1.7
16.8588 1.8
17.7262 1.9
18.5832 2
19.4293 2.1
20.2642 2.2
21.0876 2.3
21.8992 2.4
22.6987 2.5
23.4858 2.6
24.2604 2.7
25.0222 2.8
25.771 2.9
26.5067 3
27.2292 3.1
27.9383 3.2
28.6339 3.3
29.316 3.4
29.9846 3.5
30.6395 3.6
31.2808 3.7
31.9085 3.8
32.5227 3.9
33.1233 4
33.7104 4.1
34.2841 4.2
34.8444 4.3
35.3915 4.4
35.9256 4.5
36.4466 4.6
36.9547 4.7
37.4502 4.8
37.9331 4.9
38.4035 5
38.8618 5.1
39.308 5.2
39.7424 5.3
40.165 5.4
40.5762 5.5
40.9761 5.6
41.3649 5.7
41.7429 5.8
42.1102 5.9
42.467 6
42.8136 6.1
43.1502 6.2
43.4769 6.3
43.7941 6.4
44.1018 6.5
44.4004 6.6
44.6901 6.7
44.971 6.8
45.2434 6.9
45.5074 7
45.7634 7.1
46.0114 7.2
46.2518 7.3
46.4846 7.4
46.7101 7.5
46.9285 7.6
47.14 7.7
47.3448 7.8
47.5431 7.9
47.7349 8
47.9206 8.1
48.1003 8.2
48.2742 8.3
48.4424 8.4
48.6051 8.5
48.7625 8.6
48.9147 8.7
49.0619 8.8
49.2042 8.9
49.3418 9
49.4748 9.1
49.6033 9.2
49.7276 9.3
49.8477 9.4
49.9638 9.5
50.076 9.6
50.1843 9.7
50.2891 9.8
50.3902 9.9
50.4879 10
50.5823 10.1
50.6735 10.2
50.7616 10.3
50.8467 10.4
50.9288 10.5
51.0081 10.6
51.0847 10.7
51.1587 10.8
51.2301 10.9
51.299 11
51.3656 11.1
51.4299 11.2
51.4919 11.3
51.5518 11.4
51.6096 11.5
51.6654 11.6
51.7192 11.7
51.7712 11.8
51.8213 11.9
51.8697 12
51.9165 12.1
51.9615 12.2
52.005 12.3
52.047 12.4
52.0875 12.5
52.1266 12.6
52.1643 12.7
52.2007 12.8
52.2358 12.9
52.2697 13
52.3024 13.1
52.3339 13.2
52.3644 13.3
52.3937 13.4
52.422 13.5
52.4493 13.6
52.4757 13.7
52.5011 13.8
52.5256 13.9
52.5493 14
52.5721 14.1
52.5941 14.2
52.6153 14.3
52.6358 14.4
52.6555 14.5
52.6746 14.6
52.6929 14.7
52.7107 14.8
52.7277 14.9
52.7442 15
52.7601 15.1
52.7755 15.2
52.7902 15.3
52.8045 15.4
52.8183 15.5
52.8315 15.6
52.8443 15.7
52.8567 15.8
52.8686 15.9
52.88 16
52.8911 16.1
52.9018 16.2
52.9121 16.3
52.922 16.4
52.9316 16.5
52.9408 16.6
52.9497 16.7
52.9583 16.8
52.9666 16.9
52.9745 17
52.9822 17.1
52.9897 17.2
52.9968 17.3
53.0037 17.4
53.0104 17.5
53.0168 17.6
53.023 17.7
53.029 17.8
53.0347 17.9
53.0403 18
53.0456 18.1
53.0508 18.2
53.0558 18.3
53.0606 18.4
53.0652 18.5
53.0697 18.6
53.074 18.7
53.0781 18.8
53.0821 18.9
53.086 19
53.0897 19.1
53.0933 19.2
53.0967 19.3
53.1001 19.4
53.1033 19.5
53.1064 19.6
53.1094 19.7
53.1122 19.8
53.115 19.9
53.1177 20
53.1203 20.1
53.1228 20.2
53.1252 20.3
53.1275 20.4
53.1297 20.5
53.1319 20.6
53.134 20.7
53.136 20.8
53.1379 20.9
53.1398 21
53.1416 21.1
53.1433 21.2
53.145 21.3
53.1466 21.4
53.1481 21.5
53.1496 21.6
53.1511 21.7
53.1525 21.8
53.1538 21.9
53.1551 22
53.1563 22.1
53.1575 22.2
53.1587 22.3
53.1598 22.4
53.1609 22.5
53.1619 22.6
53.1629 22.7
53.1639 22.8
53.1648 22.9
53.1657 23
53.1666 23.1
53.1674 23.2
53.1682 23.3
53.169 23.4
53.1698 23.5
53.1705 23.6
53.1712 23.7
53.1718 23.8
53.1725 23.9
53.1731 24
53.1737 24.1
53.1743 24.2
53.1749 24.3
53.1754 24.4
53.1759 24.5
53.1764 24.6
53.1769 24.7
53.1774 24.8
53.1778 24.9
53.1782 25
53.1787 25.1
53.1791 25.2
53.1795 25.3
53.1798 25.4
53.1802 25.5
53.1805 25.6
53.1809 25.7
53.1812 25.8
53.1815 25.9
53.1818 26
53.1821 26.1
53.1824 26.2
53.1827 26.3
53.1829 26.4
53.1832 26.5
53.1834 26.6
53.1836 26.7
53.1839 26.8
53.1841 26.9
53.1843 27
53.1845 27.1
53.1847 27.2
53.1849 27.3
53.1851 27.4
53.1852 27.5
53.1854 27.6
53.1856 27.7
53.1857 27.8
53.1859 27.9
53.186 28
53.1861 28.1
53.1863 28.2
53.1864 28.3
53.1865 28.4
53.1867 28.5
53.1868 28.6
53.1869 28.7
53.187 28.8
53.1871 28.9
53.1872 29
53.1873 29.1
53.1874 29.2
53.1875 29.3
53.1876 29.4
53.1877 29.5
53.1877 29.6
53.1878 29.7
53.1879 29.8
53.188 29.9
53.188 30
53.1881 30.1
53.1882 30.2
53.1882 30.3
53.1883 30.4
53.1883 30.5
53.1884 30.6
53.1885 30.7
53.1885 30.8
53.1886 30.9
53.1886 31
53.1887 31.1
53.1887 31.2
53.1887 31.3
53.1888 31.4
53.1888 31.5
53.1889 31.6
53.1889 31.7
53.1889 31.8
53.189 31.9
53.189 32
53.189 32.1
53.1891 32.2
53.1891 32.3
53.1891 32.4
53.1892 32.5
53.1892 32.6
53.1892 32.7
53.1892 32.8
53.1893 32.9
53.1893 33
53.1893 33.1
53.1893 33.2
53.1893 33.3
53.1894 33.4
53.1894 33.5
53.1894 33.6
53.1894 33.7
53.1894 33.8
53.1895 33.9
53.1895 34
53.1895 34.1
53.1895 34.2
53.1895 34.3
53.1895 34.4
53.1895 34.5
53.1896 34.6
53.1896 34.7
53.1896 34.8
53.1896 34.9
53.1896 35
53.1896 35.1
53.1896 35.2
53.1896 35.3
53.1896 35.4
53.1897 35.5
53.1897 35.6
53.1897 35.7
53.1897 35.8
53.1897 35.9
53.1897 36
53.1897 36.1
53.1897 36.2
53.1897 36.3
53.1897 36.4
53.1897 36.5
53.1897 36.6
53.1897 36.7
53.1898 36.8
53.1898 36.9
53.1898 37
53.1898 37.1
53.1898 37.2
53.1898 37.3
53.1898 37.4
53.1898 37.5
53.1898 37.6
53.1898 37.7
53.1898 37.8
53.1898 37.9
53.1898 38
53.1898 38.1
53.1898 38.2
53.1898 38.3
53.1898 38.4
53.1898 38.5
53.1898 38.6
53.1898 38.7
53.1898 38.8
53.1898 38.9
53.1898 39
53.1898 39.1
53.1898 39.2
53.1898 39.3
53.1899 39.4
53.1899 39.5
53.1899 39.6
53.1899 39.7
53.1899 39.8
53.1899 39.9
53.1899 40
53.1899 40.1
53.1899 40.2
53.1899 40.3
53.1899 40.4
53.1899 40.5
53.1899 40.6
53.1899 40.7
53.1899 40.8
53.1899 40.9
53.1899 41
53.1899 41.1
53.1899 41.2
53.1899 41.3
53.1899 41.4
53.1899 41.5
53.1899 41.6
53.1899 41.7
53.1899 41.8
53.1899 41.9
53.1899 42
53.1899 42.1
53.1899 42.2
53.1899 42.3
53.1899 42.4
53.1899 42.5
53.1899 42.6
53.1899 42.7
53.1899 42.8
53.1899 42.9
53.1899 43
53.1899 43.1
53.1899 43.2
53.1899 43.3
53.1899 43.4
53.1899 43.5
53.1899 43.6
53.1899 43.7
53.1899 43.8
53.1899 43.9
53.1899 44
53.1899 44.1
53.1899 44.2
53.1899 44.3
53.1899 44.4
53.1899 44.5
53.1899 44.6
53.1899 44.7
53.1899 44.8
53.1899 44.9
53.1899 45
53.1899 45.1
53.1899 45.2
53.1899 45.3
53.1899 45.4
53.1899 45.5
53.1899 45.6
53.1899 45.7
53.1899 45.8
53.1899 45.9
53.1899 46
53.1899 46.1
53.1899 46.2
53.1899 46.3
53.1899 46.4
53.1899 46.5
53.1899 46.6
53.1899 46.7
53.1899 46.8
53.1899 46.9
53.1899 47
53.1899 47.1
53.1899 47.2
53.1899 47.3
53.1899 47.4
53.1899 47.5
53.1899 47.6
53.1899 47.7
53.1899 47.8
53.1899 47.9
53.1899 48
53.1899 48.1
53.1899 48.2
53.1899 48.3
53.1899 48.4
53.1899 48.5
53.1899 48.6
53.1899 48.7
53.1899 48.8
53.1899 48.9
53.1899 49
53.1899 49.1
53.1899 49.2
53.1899 49.3
53.1899 49.4
53.1899 49.5
53.1899 49.6
53.1899 49.7
53.1899 49.8
53.1899 49.9
53.1899 50
53.1899 50.1
53.1899 50.2
53.1899 50.3
53.1899 50.4
53.1899 50.5
53.1899 50.6
53.1899 50.7
53.1899 50.8
53.1899 50.9
53.1899 51
53.1899 51.1
53.1899 51.2
53.1899 51.3
53.1899 51.4
53.1899 51.5
53.1899 51.6
53.1899 51.7
53.1899 51.8
53.1899 51.9
53.1899 52
53.1899 52.1
53.1899 52.2
53.1899 52.3
53.1899 52.4
53.1899 52.5
53.1899 52.6
53.1899 52.7
53.1899 52.8
53.1899 52.9
53.1899 53
53.1899 53.1
53.1899 53.2
53.1899 53.3
53.1899 53.4
53.1899 53.5
53.1899 53.6
53.1899 53.7
53.1899 53.8
53.1899 53.9
53.1899 54
53.1899 54.1
53.1899 54.2
53.1899 54.3
53.1899 54.4
53.1899 54.5
53.1899 54.6
53.1899 54.7
53.1899 54.8
53.1899 54.9
53.1899 55
53.1899 55.1
53.1899 55.2
53.1899 55.3
53.1899 55.4
53.1899 55.5
53.1899 55.6
53.1899 55.7
53.1899 55.8
53.1899 55.9
53.1899 56
53.1899 56.1
53.1899 56.2
53.1899 56.3
53.1899 56.4
53.1899 56.5
53.1899 56.6
53.1899 56.7
53.1899 56.8
53.1899 56.9
53.1899 57
53.1899 57.1
53.1899 57.2
53.1899 57.3
53.1899 57.4
53.1899 57.5
53.1899 57.6
53.1899 57.7
53.1899 57.8
53.1899 57.9
53.1899 58
53.1899 58.1
53.1899 58.2
53.1899 58.3
53.1899 58.4
53.1899 58.5
53.1899 58.6
53.1899 58.7
53.1899 58.8
53.1899 58.9
53.1899 59
53.1899 59.1
53.1899 59.2
53.1899 59.3
53.1899 59.4
53.1899 59.5
53.1899 59.6
53.1899 59.7
53.1899 59.8
53.1899 59.9
53.1899 60
53.1899 60.1
53.1899 60.2
53.1899 60.3
53.1899 60.4
53.1899 60.5
53.1899 60.6
53.1899 60.7
53.1899 60.8
53.1899 60.9
53.1899 61
53.1899 61.1
53.1899 61.2
53.1899 61.3
53.1899 61.4
53.1899 61.5
53.1899 61.6
53.1899 61.7
53.1899 61.8
53.1899 61.9
53.1899 62
53.1899 62.1
53.1899 62.2
53.1899 62.3
53.1899 62.4
53.1899 62.5
53.1899 62.6
53.1899 62.7
53.1899 62.8
53.1899 62.9
53.1899 63
53.1899 63.1
53.1899 63.2
53.1899 63.3
53.1899 63.4
53.1899 63.5
53.1899 63.6
53.1899 63.7
53.1899 63.8
53.1899 63.9
53.1899 64
53.1899 64.1
53.1899 64.2
53.1899 64.3
53.1899 64.4
53.1899 64.5
53.1899 64.6
53.1899 64.7
53.1899 64.8
53.1899 64.9
53.1899 65
53.1899 65.1
53.1899 65.2
53.1899 65.3
53.1899 65.4
53.1899 65.5
53.1899 65.6
53.1899 65.7
53.1899 65.8
53.1899 65.9
53.1899 66
53.1899 66.1
53.1899 66.2
53.1899 66.3
53.1899 66.4
53.1899 66.5
53.1899 66.6
53.1899 66.7
53.1899 66.8
53.1899 66.9
53.1899 67
53.1899 67.1
53.1899 67.2
53.1899 67.3
53.1899 67.4
53.1899 67.5
53.1899 67.6
53.1899 67.7
53.1899 67.8
53.1899 67.9
53.1899 68
53.1899 68.1
53.1899 68.2
53.1899 68.3
53.1899 68.4
53.1899 68.5
53.1899 68.6
53.1899 68.7
53.1899 68.8
53.1899 68.9
53.1899 69
53.1899 69.1
53.1899 69.2
53.1899 69.3
53.1899 69.4
53.1899 69.5
53.1899 69.6
53.1899 69.7
53.1899 69.8
53.1899 69.9
53.1899 70
53.1899 70.1
53.1899 70.2
53.1899 70.3
53.1899 70.4
53.1899 70.5
53.1899 70.6
53.1899 70.7
53.1899 70.8
53.1899 70.9
53.1899 71
53.1899 71.1
53.1899 71.2
53.1899 71.3
53.1899 71.4
53.1899 71.5
53.1899 71.6
53.1899 71.7
53.1899 71.8
53.1899 71.9
53.1899 72
53.1899 72.1
53.1899 72.2
53.1899 72.3
53.1899 72.4
53.1899 72.5
53.1899 72.6
53.1899 72.7
53.1899 72.8
53.1899 72.9
53.1899 73
53.1899 73.1
53.1899 73.2
53.1899 73.3
53.1899 73.4
53.1899 73.5
53.1899 73.6
53.1899 73.7
53.1899 73.8
53.1899 73.9
53.1899 74
53.1899 74.1
53.1899 74.2
53.1899 74.3
53.1899 74.4
53.1899 74.5
53.1899 74.6
53.1899 74.7
53.1899 74.8
53.1899 74.9
53.1899 75
53.1899 75.1
53.1899 75.2
53.1899 75.3
53.1899 75.4
53.1899 75.5
53.1899 75.6
53.1899 75.7
53.1899 75.8
53.1899 75.9
53.1899 76
53.1899 76.1
53.1899 76.2
53.1899 76.3
53.1899 76.4
53.1899 76.5
53.1899 76.6
53.1899 76.7
53.1899 76.8
53.1899 76.9
53.1899 77
53.1899 77.1
53.1899 77.2
53.1899 77.3
53.1899 77.4
53.1899 77.5
53.1899 77.6
53.1899 77.7
53.1899 77.8
53.1899 77.9
53.1899 78
53.1899 78.1
53.1899 78.2
53.1899 78.3
53.1899 78.4
53.1899 78.5
53.1899 78.6
53.1899 78.7
53.1899 78.8
53.1899 78.9
53.1899 79
53.1899 79.1
53.1899 79.2
53.1899 79.3
53.1899 79.4
53.1899 79.5
53.1899 79.6
53.1899 79.7
53.1899 79.8
53.1899 79.9
53.1899 80
53.1899 80.1
53.1899 80.2
53.1899 80.3
53.1899 80.4
53.1899 80.5
53.1899 80.6
53.1899 80.7
53.1899 80.8
53.1899 80.9
53.1899 81
53.1899 81.1
53.1899 81.2
53.1899 81.3
53.1899 81.4
53.1899 81.5
53.1899 81.6
53.1899 81.7
53.1899 81.8
53.1899 81.9
53.1899 82
53.1899 82.1
53.1899 82.2
53.1899 82.3
53.1899 82.4
53.1899 82.5
53.1899 82.6
53.1899 82.7
53.1899 82.8
53.1899 82.9
53.1899 83
53.1899 83.1
53.1899 83.2
53.1899 83.3
53.1899 83.4
53.1899 83.5
53.1899 83.6
53.1899 83.7
53.1899 83.8
53.1899 83.9
53.1899 84
53.1899 84.1
53.1899 84.2
53.1899 84.3
53.1899 84.4
53.1899 84.5
53.1899 84.6
53.1899 84.7
53.1899 84.8
53.1899 84.9
53.1899 85
53.1899 85.1
53.1899 85.2
53.1899 85.3
53.1899 85.4
53.1899 85.5
53.1899 85.6
53.1899 85.7
53.1899 85.8
53.1899 85.9
53.1899 86
53.1899 86.1
53.1899 86.2
53.1899 86.3
53.1899 86.4
53.1899 86.5
53.1899 86.6
53.1899 86.7
53.1899 86.8
53.1899 86.9
53.1899 87
53.1899 87.1
53.1899 87.2
53.1899 87.3
53.1899 87.4
53.1899 87.5
53.1899 87.6
53.1899 87.7
53.1899 87.8
53.1899 87.9
53.1899 88
53.1899 88.1
53.1899 88.2
53.1899 88.3
53.1899 88.4
53.1899 88.5
53.1899 88.6
53.1899 88.7
53.1899 88.8
53.1899 88.9
53.1899 89
53.1899 89.1
53.1899 89.2
53.1899 89.3
53.1899 89.4
53.1899 89.5
53.1899 89.6
53.1899 89.7
53.1899 89.8
53.1899 89.9
53.1899 90
53.1899 90.1
53.1899 90.2
53.1899 90.3
53.1899 90.4
53.1899 90.5
53.1899 90.6
53.1899 90.7
53.1899 90.8
53.1899 90.9
53.1899 91
53.1899 91.1
53.1899 91.2
53.1899 91.3
53.1899 91.4
53.1899 91.5
53.1899 91.6
53.1899 91.7
53.1899 91.8
53.1899 91.9
53.1899 92
53.1899 92.1
53.1899 92.2
53.1899 92.3
53.1899 92.4
53.1899 92.5
53.1899 92.6
53.1899 92.7
53.1899 92.8
53.1899 92.9
53.1899 93
53.1899 93.1
53.1899 93.2
53.1899 93.3
53.1899 93.4
53.1899 93.5
53.1899 93.6
53.1899 93.7
53.1899 93.8
53.1899 93.9
53.1899 94
53.1899 94.1
53.1899 94.2
53.1899 94.3
53.1899 94.4
53.1899 94.5
53.1899 94.6
53.1899 94.7
53.1899 94.8
53.1899 94.9
53.1899 95
53.1899 95.1
53.1899 95.2
53.1899 95.3
53.1899 95.4
53.1899 95.5
53.1899 95.6
53.1899 95.7
53.1899 95.8
53.1899 95.9
53.1899 96
53.1899 96.1
53.1899 96.2
53.1899 96.3
53.1899 96.4
53.1899 96.5
53.1899 96.6
53.1899 96.7
53.1899 96.8
53.1899 96.9
53.1899 97
53.1899 97.1
53.1899 97.2
53.1899 97.3
53.1899 97.4
53.1899 97.5
53.1899 97.6
53.1899 97.7
53.1899 97.8
53.1899 97.9
53.1899 98
53.1899 98.1
53.1899 98.2
53.1899 98.3
53.1899 98.4
53.1899 98.5
53.1899 98.6
53.1899 98.7
53.1899 98.8
53.1899 98.9
53.1899 99
53.1899 99.1
53.1899 99.2
53.1899 99.3
53.1899 99.4
53.1899 99.5
53.1899 99.6
53.1899 99.7
53.1899 99.8
53.1899 99.9
