	masa_A
t	x
9,916667E-1	4,889523E1
1,025000E0	4,865247E1
1,058333E0	4,860384E1
1,091667E0	4,860328E1
1,125000E0	4,859927E1
1,158333E0	4,853804E1
1,191667E0	4,853844E1
1,225000E0	4,852791E1
1,258333E0	4,852791E1
1,291667E0	4,852791E1
1,325000E0	4,852791E1
1,358333E0	4,862258E1
1,391667E0	4,861134E1
1,425000E0	4,861134E1
1,458333E0	4,856989E1
1,491667E0	4,858525E1
1,525000E0	4,858525E1
1,558333E0	4,845896E1
1,591667E0	4,838149E1
1,625000E0	4,765384E1
1,658333E0	4,627215E1
1,691667E0	4,445067E1
1,725000E0	4,171932E1
1,758333E0	3,864704E1
1,791667E0	3,504715E1
1,825000E0	3,074913E1
1,858333E0	2,663217E1
1,891667E0	2,198165E1
1,925000E0	1,677566E1
1,958333E0	1,160215E1
1,991667E0	6,877433E0
2,025000E0	1,341616E0
2,058333E0	-4,080944E0
2,091667E0	-9,526385E0
2,125000E0	-1,404736E1
2,158333E0	-2,027475E1
2,191667E0	-2,502369E1
2,225000E0	-2,780019E1
2,258333E0	-3,151010E1
2,291667E0	-3,523974E1
2,325000E0	-3,864536E1
2,358333E0	-4,057774E1
2,391667E0	-4,277554E1
2,425000E0	-4,295014E1
2,458333E0	-4,365423E1
2,491667E0	-4,386000E1
2,525000E0	-4,322350E1
2,558333E0	-4,228426E1
2,591667E0	-4,049024E1
2,625000E0	-3,850058E1
2,658333E0	-3,592113E1
2,691667E0	-3,311682E1
2,725000E0	-2,897268E1
2,758333E0	-2,506846E1
2,791667E0	-2,122222E1
2,825000E0	-1,673274E1
2,858333E0	-1,209997E1
2,891667E0	-7,706727E0
2,925000E0	-2,258938E0
2,958333E0	2,423793E0
2,991667E0	7,037220E0
3,025000E0	1,153305E1
3,058333E0	1,612963E1
3,091667E0	2,044141E1
3,125000E0	2,432805E1
3,158333E0	2,793926E1
3,191667E0	3,136717E1
3,225000E0	3,429956E1
3,258333E0	3,691492E1
3,291667E0	3,875402E1
3,325000E0	3,992075E1
3,358333E0	4,068515E1
3,391667E0	4,102636E1
3,425000E0	4,068278E1
3,458333E0	4,001264E1
3,491667E0	3,872443E1
3,525000E0	3,687632E1
3,558333E0	3,423190E1
3,591667E0	3,158807E1
3,625000E0	2,864348E1
3,658333E0	2,517955E1
3,691667E0	2,139946E1
3,725000E0	1,719718E1
3,758333E0	1,314822E1
3,791667E0	8,754779E0
3,825000E0	4,217422E0
3,858333E0	4,287809E-1
3,891667E0	-3,960179E0
3,925000E0	-9,731676E0
3,958333E0	-1,453153E1
3,991667E0	-1,753799E1
4,025000E0	-2,047409E1
4,058333E0	-2,407552E1
4,091667E0	-2,686432E1
4,125000E0	-2,955453E1
4,158333E0	-3,139239E1
4,191667E0	-3,325544E1
4,225000E0	-3,461009E1
4,258333E0	-3,503572E1
4,291667E0	-3,545242E1
4,325000E0	-3,513307E1
4,358333E0	-3,483975E1
4,391667E0	-3,376493E1
4,425000E0	-3,219448E1
4,458333E0	-3,034535E1
4,491667E0	-2,847446E1
4,525000E0	-2,551566E1
4,558333E0	-2,238513E1
4,591667E0	-1,950602E1
4,625000E0	-1,593517E1
4,658333E0	-1,224221E1
4,691667E0	-8,317256E0
4,725000E0	-4,782241E0
4,758333E0	-9,215115E-1
4,791667E0	2,958319E0
4,825000E0	7,042964E0
4,858333E0	1,057608E1
4,891667E0	1,415673E1
4,925000E0	1,762966E1
4,958333E0	2,039413E1
4,991667E0	2,304240E1
5,025000E0	2,536820E1
5,058333E0	2,713343E1
5,091667E0	2,901784E1
5,125000E0	2,975404E1
5,158333E0	3,056541E1
5,191667E0	3,087144E1
5,225000E0	3,071841E1
5,258333E0	3,071278E1
5,291667E0	2,975878E1
5,325000E0	2,954703E1
5,358333E0	2,776392E1
5,391667E0	2,670612E1
5,425000E0	2,326121E1
5,458333E0	2,125043E1
5,491667E0	1,845183E1
5,525000E0	1,552379E1
5,558333E0	1,233700E1
5,591667E0	9,183093E0
5,625000E0	5,793257E0
5,658333E0	2,313009E0
5,691667E0	-1,341868E0
5,725000E0	-4,450158E0
5,758333E0	-8,124374E0
5,791667E0	-1,067360E1
5,825000E0	-1,354171E1
5,858333E0	-1,637254E1
5,891667E0	-1,903007E1
5,925000E0	-2,104816E1
5,958333E0	-2,314934E1
5,991667E0	-2,466396E1
6,025000E0	-2,556124E1
6,058333E0	-2,706932E1
6,091667E0	-2,735611E1
6,125000E0	-2,734589E1
6,158333E0	-2,710269E1
6,191667E0	-2,636221E1
6,225000E0	-2,536691E1
6,258333E0	-2,422242E1
6,291667E0	-2,260703E1
6,325000E0	-2,082830E1
6,358333E0	-1,883206E1
6,391667E0	-1,655651E1
6,425000E0	-1,420233E1
6,458333E0	-1,156670E1
6,491667E0	-8,834830E0
6,525000E0	-6,078991E0
6,558333E0	-3,288317E0
6,591667E0	-2,912132E-1
6,625000E0	2,594670E0
6,658333E0	5,451121E0
6,691667E0	8,226680E0
6,725000E0	1,111494E1
6,758333E0	1,358580E1
6,791667E0	1,580145E1
6,825000E0	1,791715E1
6,858333E0	1,949851E1
6,891667E0	2,088871E1
6,925000E0	2,204979E1
6,958333E0	2,293568E1
6,991667E0	2,302636E1
7,025000E0	2,317001E1
7,058333E0	2,319706E1
7,091667E0	2,275240E1
7,125000E0	2,191191E1
7,158333E0	2,101611E1
7,191667E0	1,947599E1
7,225000E0	1,820445E1
7,258333E0	1,643129E1
7,291667E0	1,461755E1
7,325000E0	1,220158E1
7,358333E0	1,007783E1
7,391667E0	7,737703E0
7,425000E0	5,239713E0
7,458333E0	2,907626E0
7,491667E0	3,199524E-1
7,525000E0	-2,166859E0
7,558333E0	-4,458986E0
7,591667E0	-6,848342E0
7,625000E0	-8,824433E0
7,658333E0	-1,095019E1
7,691667E0	-1,299760E1
7,725000E0	-1,477627E1
7,758333E0	-1,627072E1
7,791667E0	-1,749519E1
7,825000E0	-1,846389E1
7,858333E0	-1,926503E1
7,891667E0	-1,911311E1
7,925000E0	-1,958595E1
7,958333E0	-1,943692E1
7,991667E0	-1,917323E1
8,025000E0	-1,880165E1
8,058333E0	-1,792737E1
8,091667E0	-1,707140E1
8,125000E0	-1,587902E1
8,158333E0	-1,444067E1
8,191667E0	-1,258698E1
8,225000E0	-1,072399E1
8,258333E0	-9,109039E0
8,291667E0	-7,173200E0
8,325000E0	-6,256594E0
8,358333E0	-4,356602E0
8,391667E0	-2,419272E0
8,425000E0	-2,060229E-1
8,458333E0	1,549563E0
8,491667E0	4,496712E0
8,525000E0	5,388268E0
8,558333E0	7,725796E0
8,591667E0	9,171312E0
8,625000E0	1,117280E1
8,658333E0	1,228266E1
8,691667E0	1,322326E1
8,725000E0	1,411317E1
8,758333E0	1,496235E1
8,791667E0	1,500875E1
8,825000E0	1,504612E1
8,858333E0	1,504967E1
8,891667E0	1,509664E1
8,925000E0	1,511417E1
8,958333E0	1,417517E1
8,991667E0	1,335014E1
9,025000E0	1,254494E1
9,058333E0	1,148041E1
9,091667E0	1,050797E1
9,125000E0	9,543160E0
9,158333E0	7,833614E0
9,191667E0	6,829894E0
9,225000E0	5,082966E0
9,258333E0	3,253836E0
9,291667E0	1,532907E0
9,325000E0	-1,803825E-1
9,358333E0	-1,404595E0
9,391667E0	-3,110893E0
9,425000E0	-4,669461E0
9,458333E0	-5,898667E0
9,491667E0	-6,140203E0
9,525000E0	-7,435557E0
9,558333E0	-8,275470E0
9,591667E0	-9,365415E0
9,625000E0	-1,010897E1
9,658333E0	-1,145519E1
9,691667E0	-1,194184E1
9,725000E0	-1,140881E1
9,758333E0	-1,134299E1
9,791667E0	-1,131360E1
9,825000E0	-1,118950E1
9,858333E0	-1,117300E1
9,891667E0	-1,045093E1
9,925000E0	-9,605078E0
9,958333E0	-9,491820E0
9,991667E0	-8,607340E0
1,002500E1	-7,496172E0
1,005833E1	-5,966361E0
1,009167E1	-5,052770E0
1,012500E1	-4,096575E0
1,015833E1	-3,137916E0
1,019167E1	-2,041579E0
1,022500E1	-1,271675E0
1,025833E1	-3,190090E-1
1,029167E1	6,499276E-1
1,032500E1	1,553555E0
1,035833E1	2,442630E0
1,039167E1	2,648131E0
1,042500E1	3,539707E0
1,045833E1	4,349357E0
1,049167E1	5,142901E0
1,052500E1	5,856616E0
1,055833E1	6,115183E0
1,059167E1	6,202979E0
1,062500E1	6,436429E0
1,065833E1	6,455687E0
1,069167E1	6,552021E0
1,072500E1	6,471539E0
1,075833E1	6,544499E0
1,079167E1	6,029772E0
1,082500E1	5,699813E0
1,085833E1	5,162875E0
1,089167E1	4,580053E0
1,092500E1	4,727967E0
1,095833E1	3,850660E0
1,099167E1	3,033739E0
1,102500E1	2,431453E0
1,105833E1	1,742875E0
1,109167E1	1,322076E0
1,112500E1	5,154138E-1
1,115833E1	-2,540148E-1
1,119167E1	-8,142438E-1
1,122500E1	-1,528982E0
1,125833E1	-2,117958E0
1,129167E1	-2,827448E0
1,132500E1	-3,084333E0
1,135833E1	-3,592115E0
1,139167E1	-3,857917E0
1,142500E1	-4,345989E0
1,145833E1	-4,415874E0
1,149167E1	-4,346298E0
1,152500E1	-4,591709E0
1,155833E1	-4,568288E0
1,159167E1	-4,547924E0
1,162500E1	-4,565450E0
1,165833E1	-4,562913E0
1,169167E1	-4,285810E0
1,172500E1	-4,155150E0
1,175833E1	-4,045475E0
1,179167E1	-3,788033E0
1,182500E1	-3,816827E0
1,185833E1	-3,724430E0
1,189167E1	-3,666303E0
1,192500E1	-3,150301E0
1,195833E1	-3,070779E0
1,199167E1	-2,745437E0
1,202500E1	-1,629472E0
1,205833E1	-2,146581E0
1,209167E1	-1,801054E0
1,212500E1	-1,662483E0
1,215833E1	-1,532348E0
1,219167E1	-8,853945E-1
1,222500E1	-8,553971E-1
1,225833E1	-8,675507E-1
1,229167E1	-8,505498E-1
1,232500E1	-2,416388E-2
1,235833E1	2,071279E-1
1,239167E1	3,329612E-1
1,242500E1	1,763186E-1
1,245833E1	1,810776E-1
1,249167E1	1,630148E-1
1,252500E1	1,689261E-1
1,255833E1	1,689261E-1
1,259167E1	1,689261E-1
1,262500E1	1,689261E-1
1,265833E1	1,689261E-1
1,269167E1	1,689261E-1
1,272500E1	1,689261E-1
1,275833E1	1,689261E-1
1,279167E1	1,689261E-1
1,282500E1	1,440928E-1
1,285833E1	1,229976E-1
1,289167E1	1,369767E-1
1,292500E1	1,436324E-1
1,295833E1	1,537554E-1
1,299167E1	1,589905E-1
1,302500E1	1,587444E-1
1,305833E1	2,353287E-1
1,309167E1	1,948420E-1
1,312500E1	1,882437E-1
1,315833E1	1,833223E-1
1,319167E1	1,795107E-1
1,322500E1	1,820707E-1
1,325833E1	1,820707E-1
1,329167E1	1,820707E-1
1,332500E1	1,820707E-1
1,335833E1	1,820707E-1
1,339167E1	1,820707E-1
1,342500E1	1,820707E-1
1,345833E1	1,820707E-1
1,349167E1	1,820707E-1
1,352500E1	1,820707E-1
1,355833E1	1,820707E-1
1,359167E1	1,820707E-1
